9
94
89
3
4
54
56
96
42
29
23
82
53
69
5
51
51
49
6
28
19
75
47
31
50
86
14
88
39
75
42
17
22
70
17
72
90
28
41
46
8
76
19
25
48
21
44
0
100
36
19
24
33
33
43
42
87
20
3
100
74
61
45
84
23
33
92
46
96
8
33
82
13
75
100
73
35
59
16
16
39
73
84
10
25
100
80
77
81
76
85
59
88
44
22
67
95
73
86
68
47
86
55
12
55
70
54
63
51
75
95
25
68
48
22
71
51
3
74
50
26
76
45
6
89
41
59
15
53
60
21
15
80
47
31
55
53
38
68
98
2
69
89
59
74
77
6
50
32
86
71
2
49
5
73
96
70
69
6
33
62
98
71
2
59
59
45
19
68
3
33
4
100
88
12
1
57
74
66
68
86
92
11
94
32
35
70
74
41
98
60
26
71
6
82
16
18
77
18
21
49
71
78
26
97
92
65
52
79
40
31
67
80
92
25
25
80
71
5
82
94
24
54
83
74
25
33
72
29
74
16
11
98
91
28
29
67
43
46
15
42
85
100
78
11
29
48
90
93
26
82
76
86
77
87
79
7
43
12
91
89
3
83
39
67
40
90
48
2
16
94
20
92
64
20
16
8
87
65
38
81
22
36
80
48
40
72
4
54
51
13
10
40
79
86
34
82
39
57
41
35
43
40
57
35
52
17
100
62
86
79
83
93
11
57
60
23
7
13
17
86
27
71
14
12
83
10
19
80
84
48
82
83
73
6
43
0
29
22
92
81
3
4
13
73
23
30
24
23
56
100
19
28
35
6
90
85
100
56
41
82
5
65
70
23
63
9
18
5
0
42
72
66
21
83
48
45
39
14
50
18
51
33
65
46
59
8
5
82
74
67
30
90
62
70
71
95
92
99
55
64
42
48
28
18
93
29
3
17
93
33
31
43
72
79
81
57
55
38
24
89
93
95
91
2
44
2
77
14
0
20
2
10
62
95
77
66
40
98
95
17
92
0
54
34
60
35
29
73
33
49
27
92
95
71
0
64
12
10
95
28
54
3
52
47
97
52
5
20
76
76
51
44
68
61
99
93
2
38
79
58
59
48
76
45
0
17
54
27
62
6
57
85
33
70
25
26
26
80
43
54
44
1
69
57
47
65
62
62
26
82
8
23
90
66
88
65
73
76
19
57
1
52
63
29
46
73
93
43
19
7
52
1
97
8
83
79
52
66
10
45
30
70
39
36
20
65
51
40
100
60
18
42
72
71
39
31
69
60
13
72
97
60
48
94
85
90
59
26
23
38
52
40
35
87
87
60
72
61
47
80
100
44
43
44
77
77
27
29
10
56
1
4
26
86
46
10
79
96
19
72
70
24
39
94
60
3
34
15
90
83
12
77
58
59
85
65
47
33
96
2
0
79
14
39
41
34
22
56
16
49
93
22
40
8
92
94
22
94
44
72
77
42
17
0
83
29
98
44
24
42
80
73
2
75
73
72
78
34
19
66
73
92
77
28
20
9
49
74
69
90
79
59
47
43
74
11
88
28
79
74
73
47
39
21
57
79
98
24
48
17
52
37
52
45
47
12
63
2
43
53
22
53
59
6
7
3
67
4
0
54
81
49
15
68
54
45
40
4
76
98
27
54
62
80
12
12
68
32
28
70
0
95
62
76
37
6
58
11
9
74
97
41
47
34
97
62
28
18
58
52
54
47
76
18
81
98
10
90
48
58
65
65
65
91
22
3
6
100
27
1
25
8
53
85
67
56
66
5
34
1
59
50
52
82
78
80
24
89
70
14
7
80
0
11
51
70
24
85
24
95
23
55
54
1
39
3
64
28
90
2
71
56
69
11
3
90
10
16
15
81
78
27
75
42
73
29
15
39
20
46
68
100
14
31
84
100
17
12
5
91
86
19
53
96
64
26
22
92
34
56
21
79
5
72
12
100
74
71
60
38
76
92
11
91
34
19
5
64
78
35
34
82
89
44
26
59
49
68
96
16
12
40
27
48
53
8
61
0
25
3
55
29
70
25
29
97
12
11
98
64
99
30
31
36
33
67
100
6
84
35
93
98
54
14
30
16
21
58
10
92
75
97
91
0
21
2
25
16
25
9
30
92
26
48
96
96
61
94
11
43
9
7
13
5
78
45
56
2
4
70
100
50
22
47
51
11
40
4
85
53
84
53
95
8
85
10
61
64
66
75
16
67
24
41
50
95
6
56
3
74
14
16
37
44
68
25
15
42
5
35
55
81
27
67
65
5
9
20
22
